move: [0, 0, 0]
pause: 1.0
move: [0, 0, 1.0]
pause: 0.5

move: [0.45, 0.00, 1.0]
move: [-0.45, 0.00, 1.0]
move: [0.35, 0.00, 1.0]
move: [-0.35, 0.00, 1.0]
move: [0.50, 0.00, 1.0]
move: [-0.50, 0.00, 1.0]
move: [0.00, 0.00, 1.0]
pause: 0.3

move: [0.00, 0.45, 1.0]
move: [0.00, -0.45, 1.0]
move: [0.00, 0.35, 1.0]
move: [0.00, -0.35, 1.0]
move: [0.00, 0.50, 1.0]
move: [0.00, -0.50, 1.0]
move: [0.00, 0.00, 1.0]
pause: 0.3

move: [0.00, 0.00, 0.80]
move: [0.00, 0.00, 1.10]
move: [0.00, 0.00, 0.90]
move: [0.00, 0.00, 1.05]
move: [0.00, 0.00, 0.85]
move: [0.00, 0.00, 1.10]
move: [0.00, 0.00, 1.0]
pause: 0.3

move: [0.45, 0.45, 1.05]
move: [-0.45, -0.45, 0.95]
move: [0.45, -0.45, 1.10]
move: [-0.45, 0.45, 0.90]
move: [0.50, 0.20, 1.05]
move: [-0.50, -0.20, 0.95]
move: [0.20, -0.50, 1.10]
move: [-0.20, 0.50, 0.90]
move: [0.00, 0.00, 1.0]
pause: 0.3

move: [0.50, 0.50, 1.10]
move: [0.50, -0.50, 0.90]
move: [-0.50, -0.50, 1.10]
move: [-0.50, 0.50, 0.90]
move: [0.50, 0.50, 1.05]
move: [-0.50, 0.50, 1.00]
move: [0.50, -0.50, 0.95]
move: [-0.50, -0.50, 1.10]
move: [0.00, 0.00, 1.0]
pause: 0.5

move: [0, 0, 0]
pause: 2.0
